distance_from_base_(mm)	lateral_root_length_(mm)	order
0.83	111.71	1
1.56	110.84	1
2.58	109.87	1
3.63	106.33	1
4.48	102.13	1
5.37	102.69	1
6.51	97.85	1
7.18	95.71	1
7.6	97.47	1
8.27	88.53	1
9.1	83.21	1
10.05	92.116	1
10.392	87.771	1
10.888	89.873	1
13.313	86.363	1
15.04	84.091	1
16.158	8.191	1
16.574	77.661	1
17.938	75.153	1
19.677	72.308	1
20.265	68.665	1
21.049	72.934	1
22.618	1.567	1
23.146	4.383	1
23.679	1.006	1
24.641	66.628	1
26.675	4.798	1
29.352	59.428	1
32.867	0.175	1
36.279	47.763	1
38.4	46.167	1
39.425	42.106	1
41.231	3.87	1
42.911	35.96	1
43.451	35.16	1
45.181	30.83	1
45.831	18.0	1
48.511	15.01	1
51.091	11.05	1
51.431	7.53	1
51.961	8.06	1
52.901	6.93	1
53.511	6.97	1
55.561	5.01	1
57.831	2.99	1
60.021	0.55	1
61.741	17.9	1
64.331	0.81	1
67.371	8.11	1
69.191	1.93	1
71.731	0.38	1
71.891	0.22	1
73.411	12.36	1
74.471	1.34	1
76.031	9.16	1
77.251	8.11	1
80.261	1.52	1
82.331	2.34	1
82.571	2.72	1
84.801	10.02	1
85.551	6.34	1
87.331	12.07	1
89.881	7.3	1
90.331	10.1	1
92.031	2.4	1
93.901	6.38	1
94.431	2.73	1
95.791	4.27	1
96.281	1.62	1
98.101	0.38	1
98.841	0.32	1
121.421	3.74	1
121.641	5.05	1
122.411	0.27	1
123.421	3.43	1
123.601	2.03	1
125.551	1.8	1
127.311	0.63	1
127.621	0.62	1
129.551	0.31	1
130.561	0.62	1
131.421	0.13	1
153.561	0.0	1
9.39	50.29	1-1
20.1	12.17	1-1
22.49	34.22	1-1
24.79	29.1	1-1
26.08	25.8	1-1
28.47	29.22	1-1
31.91	23.92	1-1
33.59	19.41	1-1
35.61	20.25	1-1
39.25	14.93	1-1
40.74	13.1	1-1
42.53	10.6	1-1
43.05	13.42	1-1
46.17	9.8	1-1
47.31	1.85	1-1
49.07	6.91	1-1
50.0	5.13	1-1
50.41	4.73	1-1
53.11	1.85	1-1
55.67	5.13	1-1
58.18	3.17	1-1
59.17	2.46	1-1
60.34	1.65	1-1
64.27	1.47	1-1
64.76	2.78	1-1
65.66	3.42	1-1
71.29	0.34	1-1
93.86	6.75	1-1
110.67	0.0	1-1
9.28	18.5	1-2
12.39	18.36	1-2
13.74	6.03	1-2
18.54	5.15	1-2
19.19	12.04	1-2
21.44	10.46	1-2
22.68	6.14	1-2
24.58	4.58	1-2
27.26	15.35	1-2
28.63	22.36	1-2
31.57	8.7	1-2
32.81	17.14	1-2
35.04	14.91	1-2
37.05	13.13	1-2
38.85	11.04	1-2
40.22	8.93	1-2
42.24	11.98	1-2
46.08	9.28	1-2
48.42	7.21	1-2
50.09	4.04	1-2
51.3	3.9	1-2
54.28	1.59	1-2
56.1	4.72	1-2
56.92	3.66	1-2
57.79	2.83	1-2
59.93	1.68	1-2
63.46	1.25	1-2
65.7	0.37	1-2
66.76	0.57	1-2
110.05	0.0	1-2
12.96	36.79	1-3
14.95	35.06	1-3
19.03	7.45	1-3
22.3	16.09	1-3
26.45	11.73	1-3
30.79	16.25	1-3
32.29	14.42	1-3
36.56	10.41	1-3
38.31	7.75	1-3
40.89	5.1	1-3
43.21	9.21	1-3
45.65	7.44	1-3
46.24	8.11	1-3
48.44	5.43	1-3
50.07	3.87	1-3
52.31	1.15	1-3
55.29	3.49	1-3
62.23	2.42	1-3
63.95	0.78	1-3
64.88	0.46	1-3
65.75	0.93	1-3
68.34	0.87	1-3
109.25	0.0	1-3
6.06	18.31	1-4
7.38	37.2	1-4
13.82	4.43	1-4
15.28	0.98	1-4
16.88	2.94	1-4
22.63	15.08	1-4
26.02	3.0	1-4
27.54	11.42	1-4
28.01	9.01	1-4
34.58	5.14	1-4
37.96	1.73	1-4
40.06	9.74	1-4
42.5	8.14	1-4
46.29	5.79	1-4
48.25	4.02	1-4
50.58	1.4	1-4
54.25	3.12	1-4
55.09	1.95	1-4
56.06	0.95	1-4
57.9	1.7	1-4
59.05	1.71	1-4
60.88	1.2	1-4
105.41	0.0	1-4
6.56	14.44	1-5
13.41	13.16	1-5
15.93	16.08	1-5
21.48	5.43	1-5
22.85	15.31	1-5
23.58	9.17	1-5
25.89	13.21	1-5
33.3	6.25	1-5
35.46	3.51	1-5
37.82	1.62	1-5
38.82	0.56	1-5
39.86	1.48	1-5
41.71	0.56	1-5
42.54	5.69	1-5
44.09	7.6	1-5
46.14	5.39	1-5
47.01	4.6	1-5
48.41	2.35	1-5
52.27	3.73	1-5
52.96	2.03	1-5
55.45	1.72	1-5
58.93	0.41	1-5
62.14	1.21	1-5
63.42	0.69	1-5
64.47	0.5	1-5
65.74	0.48	1-5
67.77	0.34	1-5
69.31	0.34	1-5
101.72	0.0	1-5
4.28	34.3	1-6
10.85	1.54	1-6
13.25	0.59	1-6
19.65	8.87	1-6
21.14	21.32	1-6
24.27	7.36	1-6
27.87	2.59	1-6
29.06	7.05	1-6
33.05	4.86	1-6
34.94	2.51	1-6
37.93	5.54	1-6
39.56	11.57	1-6
41.27	1.6	1-6
42.08	3.56	1-6
43.76	1.99	1-6
47.83	1.62	1-6
51.22	3.05	1-6
52.09	1.09	1-6
57.03	2.31	1-6
59.8	0.56	1-6
61.97	0.26	1-6
100.63	0.0	1-6
12.44	6.74	1-7
14.91	2.12	1-7
16.96	2.84	1-7
18.39	19.46	1-7
23.61	13.18	1-7
26.08	12.76	1-7
30.22	8.01	1-7
31.54	6.59	1-7
35.45	3.18	1-7
38.32	8.58	1-7
41.5	8.23	1-7
44.4	2.46	1-7
45.67	3.47	1-7
48.64	0.42	1-7
49.29	0.97	1-7
51.42	3.37	1-7
52.61	2.51	1-7
55.51	1.4	1-7
58.59	0.31	1-7
60.48	0.3	1-7
97.24	0.0	1-7
13.64	1.48	1-8
14.2	4.81	1-8
23.35	6.7	1-8
26.02	5.32	1-8
31.09	3.11	1-8
32.93	0.53	1-8
38.83	2.26	1-8
39.83	4.45	1-8
43.82	5.36	1-8
45.68	4.3	1-8
48.39	2.28	1-8
50.97	1.61	1-8
53.58	2.62	1-8
56.83	1.47	1-8
58.78	0.65	1-8
61.52	0.26	1-8
95.64	0.0	1-8
8.64	3.67	1-9
12.17	10.11	1-9
13.96	1.01	1-9
15.94	20.91	1-9
18.01	4.77	1-9
20.51	14.63	1-9
25.41	8.46	1-9
29.88	1.09	1-9
31.34	1.93	1-9
33.79	1.23	1-9
38.56	2.82	1-9
39.66	1.56	1-9
41.22	4.06	1-9
47.36	0.56	1-9
48.58	3.08	1-9
49.85	1.3	1-9
52.47	4.37	1-9
71.73	0.63	1-9
96.72	0.0	1-9
14.39	7.56	1-10
17.0	4.35	1-10
17.72	17.01	1-10
25.89	2.79	1-10
26.45	9.47	1-10
30.39	6.77	1-10
30.7	5.03	1-10
37.12	2.04	1-10
37.37	4.39	1-10
39.58	1.74	1-10
41.77	2.9	1-10
46.94	1.24	1-10
49.05	1.96	1-10
51.6	2.69	1-10
57.11	1.17	1-10
59.84	0.29	1-10
60.09	0.16	1-10
88.46	0.0	1-10
7.78	0.63	1-11
16.75	3.92	1-11
22.8	2.46	1-11
25.05	1.02	1-11
28.39	3.75	1-11
30.47	3.18	1-11
32.94	2.02	1-11
38.19	2.93	1-11
39.82	4.92	1-11
42.73	3.91	1-11
49.26	2.49	1-11
51.76	1.55	1-11
55.97	2.15	1-11
57.79	1.54	1-11
59.77	0.2	1-11
82.75	0.0	1-11
20.93	0.34	1-12
30.26	0.44	1-12
32.13	0.39	1-12
36.73	4.06	1-12
39.11	4.56	1-12
43.64	1.52	1-12
46.07	0.74	1-12
47.97	1.62	1-12
52.05	0.5	1-12
92.05	0.0	1-12
4.01	14.32	1-13
9.38	2.31	1-13
18.21	0.78	1-13
20.76	0.84	1-13
21.61	3.72	1-13
24.66	8.58	1-13
26.78	4.41	1-13
32.11	1.5	1-13
35.63	5.13	1-13
40.55	2.13	1-13
45.99	0.62	1-13
47.84	3.78	1-13
49.65	1.1	1-13
50.36	1.37	1-13
87.48	0.0	1-13
1.02	33.92	1-14
10.35	6.57	1-14
10.84	1.26	1-14
12.26	1.41	1-14
14.92	2.95	1-14
18.71	0.67	1-14
19.29	0.56	1-14
20.83	2.36	1-14
23.44	5.05	1-14
26.68	4.21	1-14
28.45	8.83	1-14
30.49	4.22	1-14
33.93	2.75	1-14
39.83	1.21	1-14
40.98	1.36	1-14
43.37	2.62	1-14
48.28	3.65	1-14
89.35	0.0	1-14
7.06	12.18	1-15
10.58	0.77	1-15
15.58	3.27	1-15
16.87	10.23	1-15
19.55	1.09	1-15
25.44	5.72	1-15
29.93	1.35	1-15
32.72	1.13	1-15
33.86	0.91	1-15
36.95	1.82	1-15
39.87	0.56	1-15
42.26	0.81	1-15
43.36	0.45	1-15
44.13	0.65	1-15
47.28	0.34	1-15
86.17	0.0	1-15
32.141	3.17	1-16
38.001	1.62	1-16
45.691	1.07	1-16
84.091	0.0	1-16
31.211	6.07	1-18
35.501	1.64	1-18
36.691	1.57	1-18
77.661	0.0	1-18
29.333	2.67	1-19
36.133	0.55	1-19
37.553	1.9	1-19
39.393	1.42	1-19
75.153	0.0	1-19
28.108	0.85	1-20
31.608	1.21	1-20
34.948	0.35	1-20
37.578	1.45	1-20
39.358	1.3	1-20
72.308	0.0	1-20
24.385	1.05	1-21
29.675	1.82	1-21
34.445	1.1	1-21
36.345	1.93	1-21
68.665	0.0	1-21
21.814	0.9	1-22
72.934	0.0	1-22
