distance_from_base_(mm)	lateral_root_length_(mm)	order
1.78	133.47	1
2.67	39.31	1
3.14	118.03	1
3.69	115.16	1
4.31	105.96	1
4.99	104.56	1
5.88	100.75	1
6.57	99.31	1
7.7	93.69	1
8.54	80.91	1
9.99	76.27	1
10.76	31.65	1
11.76	72.4	1
20.13	4.93	1
20.28	35.89	1
20.82	62.64	1
23.51	13.28	1
26.53	1.19	1
29.46	1.25	1
29.86	46.6	1
30.93	0.54	1
33.46	0.29	1
35.76	0.85	1
37.36	58.78	1
37.77	1.43	1
40.75	1.04	1
42.7	31.18	1
45.46	20.83	1
48.91	7.23	1
53.4	0.62	1
54.46	18.5	1
55.89	3.53	1
57.87	13.75	1
61.37	10.21	1
61.64	3.42	1
63.34	1.03	1
65.65	1.99	1
66.19	5.28	1
68.92	2.44	1
70.24	1.31	1
72.21	19.12	1
73.81	6.56	1
74.53	13.43	1
74.96	18.06	1
76.89	8.39	1
79.04	5.13	1
80.7	5.79	1
82.21	0.32	1
83.24	9.19	1
84.81	5.23	1
85.83	3.96	1
87.35	2.58	1
88.12	3.54	1
88.27	4.27	1
89.28	2.32	1
91.22	4.1	1
91.46	0.59	1
92.76	4.67	1
95.75	3.22	1
95.9	0.69	1
95.99	3.07	1
98.22	0.92	1
100.27	5.2	1
100.56	5.2	1
101.56	1.13	1
102.09	4.46	1
103.6	2.8	1
105.62	1.05	1
106.19	3.19	1
106.89	2.12	1
108.13	2.99	1
109.66	0.53	1
110.22	3.21	1
111.34	1.34	1
112.54	7.74	1
114.37	2.92	1
115.78	3.22	1
117.44	0.66	1
119.12	3.43	1
121.03	0.93	1
121.81	3.14	1
124.53	4.03	1
126.65	1.82	1
127.4	0.88	1
129.0	1.3	1
129.52	0.87	1
130.0	0.78	1
132.73	0.6	1
133.14	0.42	1
168.61	0.0	1
15.58	2.57	1-1
20.88	0.44	1-1
23.54	0.8	1-1
24.51	0.46	1-1
27.02	1.83	1-1
31.02	0.9	1-1
33.81	0.61	1-1
38.03	0.46	1-1
41.08	0.44	1-1
44.34	15.98	1-1
45.72	5.64	1-1
50.69	4.15	1-1
51.53	6.47	1-1
54.21	2.46	1-1
55.65	3.85	1-1
57.1	1.29	1-1
59.06	0.76	1-1
61.04	2.54	1-1
62.36	0.64	1-1
63.89	1.72	1-1
65.55	1.35	1-1
66.4	1.46	1-1
70.12	1.47	1-1
71.25	1.39	1-1
76.66	0.62	1-1
132.94	0.0	1-1
33.9	0.54	1-2
36.11	0.39	1-2
38.13	0.46	1-2
39.27	0.0	1-2
20.51	0.64	1-3
26.08	0.45	1-3
48.93	8.61	1-3
50.84	4.66	1-3
54.04	0.85	1-3
56.1	3.77	1-3
61.67	1.84	1-3
64.33	2.27	1-3
64.83	1.32	1-3
67.75	2.82	1-3
70.49	0.51	1-3
71.77	0.94	1-3
78.48	0.67	1-3
80.01	0.75	1-3
118.95	0.0	1-3
11.93	6.18	1-4
18.11	3.72	1-4
19.81	1.68	1-4
22.83	1.44	1-4
24.87	2.17	1-4
27.94	4.29	1-4
29.97	2.32	1-4
34.41	0.44	1-4
36.93	1.69	1-4
37.56	0.31	1-4
39.1	0.75	1-4
45.67	3.14	1-4
47.23	3.14	1-4
49.16	1.66	1-4
50.9	1.69	1-4
52.81	0.47	1-4
53.59	0.74	1-4
58.33	1.91	1-4
60.23	1.62	1-4
62.62	1.2	1-4
64.87	1.72	1-4
65.88	0.75	1-4
70.53	0.41	1-4
72.27	1.53	1-4
114.6	0.0	1-4
11.7	6.58	1-5
16.3	2.51	1-5
19.68	3.89	1-5
29.51	0.75	1-5
30.93	0.79	1-5
35.5	3.82	1-5
39.79	4.91	1-5
41.55	6.69	1-5
44.48	3.72	1-5
45.83	1.78	1-5
48.66	2.7	1-5
52.06	0.55	1-5
53.43	3.71	1-5
56.52	1.12	1-5
60.51	2.27	1-5
63.04	1.59	1-5
65.94	1.66	1-5
67.08	1.48	1-5
69.98	0.85	1-5
74.48	0.53	1-5
79.58	0.3	1-5
105.35	0.0	1-5
17.25	8.95	1-6
20.38	6.74	1-6
24.24	0.95	1-6
25.04	9.43	1-6
25.4	14.85	1-6
28.75	3.42	1-6
30.53	15.19	1-6
32.97	0.76	1-6
37.27	0.37	1-6
39.46	5.66	1-6
41.98	2.11	1-6
43.97	0.51	1-6
44.75	1.08	1-6
47.32	4.46	1-6
50.68	1.71	1-6
54.86	0.36	1-6
55.74	1.16	1-6
57.11	0.63	1-6
58.02	0.8	1-6
59.75	0.62	1-6
63.29	0.84	1-6
67.61	0.63	1-6
72.23	0.77	1-6
75.77	0.54	1-6
104.07	0.0	1-6
21.87	0.55	1-7
24.18	0.63	1-7
28.8	0.62	1-7
31.59	0.85	1-7
34.33	0.34	1-7
37.93	0.51	1-7
39.12	0.54	1-7
42.2	0.34	1-7
43.82	6.02	1-7
46.67	1.28	1-7
48.44	1.96	1-7
51.54	0.87	1-7
100.38	0.0	1-7
16.88	10.25	1-8
20.42	6.52	1-8
22.29	16.67	1-8
25.56	5.53	1-8
27.17	0.89	1-8
29.07	13.18	1-8
32.24	1.37	1-8
37.08	2.85	1-8
39.2	5.53	1-8
40.96	0.91	1-8
47.48	2.01	1-8
49.54	0.84	1-8
52.52	2.88	1-8
53.79	0.41	1-8
58.05	0.45	1-8
61.3	0.45	1-8
98.63	0.0	1-8
13.17	11.59	1-9
15.89	12.5	1-9
18.81	7.2	1-9
19.19	3.13	1-9
20.63	10.29	1-9
26.35	1.27	1-9
28.17	14.3	1-9
29.3	3.22	1-9
30.55	11.25	1-9
34.83	6.48	1-9
35.64	3.76	1-9
37.5	3.97	1-9
39.14	1.78	1-9
43.13	1.05	1-9
46.73	0.52	1-9
50.21	0.81	1-9
54.06	0.77	1-9
57.49	1.39	1-9
60.79	0.94	1-9
92.83	0.0	1-9
13.54	7.31	1-10
16.31	2.38	1-10
17.88	2.86	1-10
21.87	6.92	1-10
24.67	3.6	1-10
28.69	6.38	1-10
29.51	7.65	1-10
32.73	6.61	1-10
36.03	3.5	1-10
37.56	2.64	1-10
38.71	2.36	1-10
42.42	0.24	1-10
45.42	0.54	1-10
47.97	2.29	1-10
53.8	0.4	1-10
55.99	0.26	1-10
62.72	0.24	1-10
80.64	0.0	1-10
10.54	4.2	1-11
12.88	2.62	1-11
16.45	2.99	1-11
18.11	4.25	1-11
19.96	6.86	1-11
25.7	8.41	1-11
27.39	9.5	1-11
31.34	7.38	1-11
33.93	4.6	1-11
35.2	1.84	1-11
42.36	0.73	1-11
47.1	2.36	1-11
52.77	0.67	1-11
75.59	0.0	1-11
7.0	4.94	1-12
14.28	1.07	1-12
18.95	0.53	1-12
20.58	1.54	1-12
24.16	1.46	1-12
28.64	1.25	1-12
31.59	0.69	1-12
34.81	0.49	1-12
38.65	0.0	1-12
10.69	0.81	1-13
14.16	0.36	1-13
18.02	2.15	1-13
22.37	0.83	1-13
25.85	1.49	1-13
27.43	1.79	1-13
28.47	2.06	1-13
32.48	2.39	1-13
34.08	2.44	1-13
49.57	0.28	1-13
51.58	0.24	1-13
72.4	0.0	1-13
7.49	0.41	1-15
10.65	0.45	1-15
12.65	0.34	1-15
16.31	1.67	1-15
18.72	0.44	1-15
21.53	2.13	1-15
24.19	0.64	1-15
26.79	0.23	1-15
28.56	5.25	1-15
35.86	0.0	1-15
2.18	7.34	1-16
9.11	1.12	1-16
10.99	1.62	1-16
14.32	0.72	1-16
16.3	1.35	1-16
22.31	2.43	1-16
24.8	0.69	1-16
62.46	0.0	1-16
