distance_from_base_(mm)	lateral_root_length_(mm)	order
1.0	124.836	1
2.0	123.402	1
3.0	114.554	1
4.0	61.387	1
5.0	113.008	1
6.0	113.916	1
7.0	104.936	1
8.0	103.45	1
9.0	102.46	1
10.0	99.56	1
11.0	99.51	1
12.0	96.67	1
13.0	94.85	1
14.07	92.11	1
15.02	88.93	1
16.22	86.98	1
18.14	82.51	1
20.56	78.2	1
22.89	75.6	1
24.86	72.07	1
27.79	66.52	1
29.19	2.85	1
30.78	63.46	1
31.99	63.28	1
34.59	2.59	1
36.66	56.34	1
38.56	53.88	1
39.8	52.31	1
42.27	48.43	1
44.22	41.21	1
45.5	16.47	1
50.111	36.86	1
51.036	35.62	1
53.188	29.95	1
53.698	28.3	1
56.653	21.85	1
57.742	16.3	1
59.917	2.61	1
61.068	11.06	1
62.969	8.26	1
64.634	4.65	1
65.644	3.22	1
67.314	1.52	1
68.634	0.31	1
70.95	2.06	1
73.151	29.234	1
74.838	4.801	1
75.985	5.619	1
77.447	4.623	1
80.062	0.919	1
80.762	2.18	1
82.422	15.56	1
84.672	0.71	1
84.937	2.86	1
86.164	1.32	1
87.551	1.11	1
89.226	0.15	1
90.159	0.38	1
91.218	7.22	1
92.406	1.87	1
92.957	2.57	1
94.747	3.26	1
96.812	2.3	1
98.075	3.28	1
99.517	0.88	1
101.034	13.03	1
101.484	6.13	1
104.214	7.84	1
104.894	9.68	1
105.234	1.56	1
108.124	3.54	1
109.914	1.27	1
111.384	0.59	1
111.834	8.6	1
113.764	0.69	1
114.414	0.68	1
115.534	4.14	1
116.494	1.69	1
118.102	3.59	1
119.211	1.9	1
121.268	0.83	1
122.348	1.08	1
123.703	1.0	1
124.152	1.74	1
125.126	1.85	1
126.0	1.82	1
128.761	1.55	1
131.392	1.1	1
162.768	0.0	1
6.23	20.36	1-1
10.74	1.42	1-1
12.86	0.47	1-1
14.38	11.36	1-1
17.099	0.884	1-1
18.312	0.897	1-1
20.14	7.063	1-1
21.816	2.206	1-1
25.536	5.261	1-1
28.759	5.999	1-1
29.777	2.919	1-1
31.883	5.047	1-1
35.005	0.767	1-1
36.401	5.033	1-1
38.49	3.058	1-1
41.034	0.485	1-1
42.978	3.31	1-1
44.328	4.34	1-1
45.308	0.59	1-1
47.648	4.52	1-1
50.218	6.14	1-1
51.208	3.33	1-1
53.068	1.21	1-1
56.258	2.81	1-1
57.188	1.33	1-1
60.278	0.43	1-1
62.628	0.69	1-1
71.325	1.865	1-1
78.445	0.769	1-1
79.595	0.515	1-1
80.36	0.512	1-1
82.216	0.987	1-1
84.343	0.389	1-1
87.434	0.733	1-1
123.454	0.0	1-1
6.563	4.975	1-2
8.063	8.94	1-2
9.673	9.58	1-2
10.753	5.48	1-2
14.605	4.668	1-2
15.494	3.004	1-2
17.114	7.26	1-2
18.044	0.61	1-2
20.009	0.386	1-2
22.266	4.35	1-2
23.551	5.797	1-2
25.531	1.166	1-2
27.22	6.309	1-2
28.079	0.89	1-2
31.839	5.379	1-2
34.036	2.434	1-2
36.312	4.143	1-2
38.238	8.698	1-2
38.831	2.146	1-2
42.045	4.952	1-2
45.085	4.89	1-2
48.095	1.49	1-2
50.005	4.61	1-2
53.415	1.49	1-2
57.685	4.92	1-2
62.955	2.38	1-2
65.055	0.98	1-2
69.072	0.494	1-2
71.751	0.911	1-2
72.965	0.963	1-2
76.984	0.872	1-2
78.072	0.647	1-2
122.687	0.0	1-2
9.965	1.048	1-3
14.315	2.662	1-3
18.885	1.54	1-3
20.465	3.41	1-3
21.975	0.45	1-3
22.655	1.62	1-3
25.235	1.74	1-3
25.639	0.627	1-3
26.569	0.341	1-3
28.983	4.261	1-3
31.532	2.401	1-3
34.032	3.333	1-3
35.585	1.859	1-3
37.894	0.496	1-3
42.809	3.22	1-3
44.039	5.55	1-3
47.159	0.93	1-3
48.819	1.12	1-3
49.609	1.02	1-3
55.329	1.07	1-3
57.469	0.87	1-3
69.529	0.593	1-3
71.737	0.638	1-3
76.372	0.524	1-3
79.381	0.315	1-3
81.057	0.599	1-3
82.726	0.564	1-3
85.506	0.442	1-3
113.893	0.0	1-3
5.093	0.756	1-4
7.562	1.108	1-4
9.088	0.39	1-4
12.591	1.41	1-4
15.996	7.518	1-4
19.523	0.534	1-4
22.023	2.67	1-4
22.673	3.3	1-4
26.093	0.76	1-4
26.923	2.22	1-4
31.693	4.51	1-4
33.913	1.52	1-4
35.653	0.75	1-4
40.682	4.75	1-4
43.15	1.08	1-4
43.881	2.07	1-4
45.964	1.8	1-4
47.51	0.93	1-4
51.226	0.52	1-4
53.927	0.61	1-4
60.94	0.0	1-4
8.91	0.75	1-5
14.59	0.51	1-5
17.91	0.65	1-5
19.69	2.65	1-5
21.75	1.26	1-5
24.47	0.49	1-5
28.24	0.98	1-5
31.0	1.04	1-5
31.75	2.17	1-5
34.9	0.58	1-5
39.95	0.68	1-5
43.4	1.39	1-5
45.71	0.98	1-5
46.37	1.1	1-5
52.64	0.34	1-5
55.12	0.4	1-5
58.54	1.73	1-5
70.608	0.78	1-5
73.815	0.271	1-5
76.15	0.479	1-5
78.874	0.36	1-5
82.215	0.701	1-5
112.358	0.0	1-5
11.401	1.895	1-6
15.898	0.51	1-6
18.288	0.75	1-6
22.238	2.42	1-6
24.408	1.73	1-6
42.933	0.4	1-6
46.314	0.494	1-6
47.187	0.644	1-6
50.821	0.659	1-6
51.815	0.55	1-6
57.626	1.25	1-6
61.069	1.524	1-6
65.167	0.445	1-6
66.664	0.489	1-6
67.984	0.329	1-6
69.263	0.785	1-6
71.827	0.886	1-6
113.675	0.0	1-6
5.15	0.83	1-7
7.51	0.94	1-7
13.69	0.15	1-7
14.84	0.5	1-7
16.46	0.54	1-7
20.35	0.34	1-7
21.69	0.32	1-7
23.07	0.64	1-7
25.33	0.61	1-7
27.23	1.02	1-7
29.14	0.32	1-7
38.73	0.41	1-7
40.53	1.64	1-7
43.69	0.64	1-7
45.11	0.33	1-7
47.38	0.64	1-7
49.02	1.36	1-7
55.0	0.46	1-7
58.57	0.37	1-7
62.499	0.276	1-7
68.853	0.165	1-7
72.406	0.255	1-7
74.161	0.262	1-7
104.626	0.0	1-7
10.08	0.49	1-8
12.03	0.77	1-8
13.08	0.92	1-8
15.49	0.65	1-8
19.53	2.65	1-8
24.39	0.8	1-8
27.49	1.23	1-8
31.56	0.6	1-8
35.07	0.39	1-8
38.2	0.73	1-8
42.95	0.28	1-8
46.02	0.41	1-8
50.08	0.98	1-8
52.91	1.74	1-8
103.13	0.0	1-8
6.69	0.31	1-9
10.62	0.41	1-9
11.88	0.49	1-9
14.33	0.51	1-9
16.74	0.28	1-9
17.98	0.45	1-9
18.99	0.49	1-9
42.48	0.65	1-9
49.89	0.43	1-9
53.31	0.57	1-9
57.37	0.36	1-9
59.14	0.32	1-9
102.15	0.0	1-9
3.35	1.17	1-10
5.73	0.9	1-10
11.07	0.57	1-10
13.69	0.73	1-10
15.5	1.04	1-10
20.54	1.41	1-10
23.59	1.17	1-10
29.52	0.4	1-10
34.45	0.57	1-10
36.79	0.34	1-10
39.05	0.5	1-10
42.95	0.34	1-10
45.12	0.49	1-10
46.48	0.54	1-10
99.44	0.0	1-10
3.07	0.44	1-11
4.75	1.33	1-11
7.87	0.57	1-11
9.19	0.61	1-11
11.28	0.39	1-11
12.58	0.54	1-11
13.53	0.49	1-11
15.81	1.19	1-11
17.32	1.93	1-11
18.79	0.39	1-11
21.28	0.42	1-11
24.46	1.08	1-11
26.06	0.47	1-11
28.67	0.92	1-11
31.21	3.19	1-11
35.07	1.43	1-11
36.7	0.42	1-11
37.88	0.48	1-11
40.33	0.58	1-11
98.91	0.0	1-11
7.37	0.46	1-12
17.02	0.28	1-12
20.44	0.2	1-12
22.28	1.38	1-12
22.86	0.64	1-12
28.49	0.83	1-12
29.2	0.3	1-12
96.46	0.0	1-12
7.73	0.97	1-13
15.96	0.57	1-13
19.95	0.37	1-13
21.48	0.25	1-13
23.91	0.6	1-13
26.58	0.24	1-13
28.31	0.38	1-13
30.31	0.49	1-13
94.74	0.0	1-13
7.16	0.21	1-14
9.21	0.23	1-14
10.44	0.61	1-14
13.53	0.3	1-14
16.11	0.37	1-14
22.22	0.36	1-14
28.01	0.4	1-14
31.14	0.28	1-14
92.13	0.0	1-14
10.65	0.54	1-15
13.41	0.74	1-15
20.23	0.46	1-15
23.56	0.6	1-15
27.47	0.63	1-15
88.8	0.0	1-15
9.52	1.21	1-16
14.35	0.59	1-16
15.78	0.34	1-16
17.89	2.29	1-16
20.46	0.91	1-16
23.58	2.32	1-16
28.37	0.42	1-16
86.82	0.0	1-16
5.7	1.24	1-17
10.33	0.36	1-17
11.22	0.37	1-17
15.41	2.29	1-17
17.76	0.4	1-17
20.58	0.6	1-17
23.33	0.9	1-17
82.24	0.0	1-17
10.53	0.28	1-18
16.56	0.34	1-18
19.96	0.33	1-18
78.1	0.0	1-18
6.33	0.25	1-19
12.87	0.24	1-19
17.66	0.23	1-19
75.44	0.0	1-19
6.48	0.35	1-20
9.32	0.49	1-20
12.73	0.75	1-20
13.97	2.1	1-20
20.06	0.34	1-20
71.79	0.0	1-20
8.141	0.823	1-21
66.488	0.0	1-21
4.67	0.27	1-32
36.55	0.0	1-32
6.45	0.27	1-33
7.89	0.34	1-33
11.61	0.39	1-33
35.49	0.0	1-33
9.05	0.59	1-34
10.085	0.34	1-34
14.786	1.15	1-34
29.603	0.0	1-34
1.93	0.31	1-35
8.25	0.28	1-35
13.19	0.4	1-35
27.96	0.0	1-35
